        base 2        base 3        base 4        base 5        base 6        base 7        base 8        base 9        base 10        base 11        base 12        base 13        base 14        base 15        base 16

1       10            2             2             2             2             2             2             2             2              2              2              2              2              2              2             

2       11            10            3             3             3             3             3             3             3              3              3              3              3              3              3             

3       100           11            10            4             4             4             4             4             4              4              4              4              4              4              4             

4       101           12            11            10            5             5             5             5             5              5              5              5              5              5              5             

5       110           20            12            11            10            6             6             6             6              6              6              6              6              6              6             

6       111           21            13            12            11            10            7             7             7              7              7              7              7              7              7             

7       1000          22            20            13            12            11            10            8             8              8              8              8              8              8              8             

8       1001          100           21            14            13            12            11            10            9              9              9              9              9              9              9             

9       1010          101           22            20            14            13            12            11            10             A              A              A              A              A              A             

10       1011          102           23            21            15            14            13            12            11             10             B              B              B              B              B             

11       1100          110           30            22            20            15            14            13            12             11             10             C              C              C              C             

12       1101          111           31            23            21            16            15            14            13             12             11             10             D              D              D             

13       1110          112           32            24            22            20            16            15            14             13             12             11             10             E              E             

14       1111          120           33            30            23            21            17            16            15             14             13             12             11             10             F             

15       10000         121           100           31            24            22            20            17            16             15             14             13             12             11             10            

16       10001         122           101           32            25            23            21            18            17             16             15             14             13             12             11            

17       10010         200           102           33            30            24            22            20            18             17             16             15             14             13             12            

18       10011         201           103           34            31            25            23            21            19             18             17             16             15             14             13            

19       10100         202           110           40            32            26            24            22            20             19             18             17             16             15             14            

20       10101         210           111           41            33            30            25            23            21             1A             19             18             17             16             15            

21       10110         211           112           42            34            31            26            24            22             20             1A             19             18             17             16            

22       10111         212           113           43            35            32            27            25            23             21             1B             1A             19             18             17            

23       11000         220           120           44            40            33            30            26            24             22             20             1B             1A             19             18            

24       11001         221           121           100           41            34            31            27            25             23             21             1C             1B             1A             19            

25       11010         222           122           101           42            35            32            28            26             24             22             20             1C             1B             1A            

